# oST version 5.0 parameters


[image]

width
640

height
480

[narrow_stereo]

camera matrix
516.778308 0.000000 322.771826
0.000000 518.022456 240.762181
0.000000 0.000000 1.000000

distortion
0.026995 -0.085421 0.005263 0.006405 0.000000

rectification
1.000000 0.000000 0.000000
0.000000 1.000000 0.000000
0.000000 0.000000 1.000000

projection
515.669006 0.000000 326.853807 0.000000
0.000000 520.143799 242.757305 0.000000
0.000000 0.000000 1.000000 0.000000

